{
 "cells": [
  {
   "cell_type": "code",
   "id": "initial_id",
   "metadata": {
    "collapsed": true,
    "ExecuteTime": {
     "end_time": "2024-07-10T07:55:20.226682Z",
     "start_time": "2024-07-10T07:55:20.218360Z"
    }
   },
   "source": [
    "import pandas as pd\n",
    "import numpy as np\n",
    "from sklearn.cluster import AgglomerativeClustering\n",
    "from sklearn.cluster import KMeans\n",
    "import matplotlib.pyplot as plt\n",
    "import seaborn as sns\n",
    "from sklearn.cluster import AgglomerativeClustering, KMeans, DBSCAN\n",
    "from sklearn.metrics import silhouette_score, davies_bouldin_score\n",
    "from sklearn.model_selection import GridSearchCV\n",
    "from sklearn.preprocessing import StandardScaler\n",
    "from sklearn.base import BaseEstimator, ClusterMixin\n"
   ],
   "outputs": [],
   "execution_count": 174
  },
  {
   "metadata": {
    "ExecuteTime": {
     "end_time": "2024-07-10T07:55:21.742039Z",
     "start_time": "2024-07-10T07:55:21.738804Z"
    }
   },
   "cell_type": "code",
   "source": [
    "involvement_columns = ['Security', 'Humanities', 'Nat. Sci', 'Health', 'AI Ethics', 'Big Data', \n",
    "                           'Robotics', 'Documents', 'Multimedia', 'NLP', 'KRR', 'Graphs', 'DL/ML', \n",
    "                           'Funding', 'Application-Oriented', 'Number of Members', \n",
    "                           'Academic Collaborations', 'System Maturity', 'Demos', 'Industrial Collaborations']"
   ],
   "id": "ce76e04b16cd4ac5",
   "outputs": [],
   "execution_count": 175
  },
  {
   "metadata": {
    "ExecuteTime": {
     "end_time": "2024-07-10T07:10:48.816649Z",
     "start_time": "2024-07-10T07:10:48.804005Z"
    }
   },
   "cell_type": "code",
   "source": "industry_cols = ['Security', 'Humanities', 'Nat. Sci', 'Health', 'AI Ethics', 'Big Data', 'Robotics', 'Documents', 'Multimedia', 'NLP', 'KRR', 'Graphs', 'DL/ML']",
   "id": "2ae59262d7770bb",
   "outputs": [],
   "execution_count": 47
  },
  {
   "metadata": {
    "ExecuteTime": {
     "end_time": "2024-07-10T07:10:49.973641Z",
     "start_time": "2024-07-10T07:10:49.970920Z"
    }
   },
   "cell_type": "code",
   "source": [
    "comp_cols = ['Number of Members', 'Application-Oriented', 'Academic Collaborations', \n",
    "                      'System Maturity', 'Demos', 'Industrial Collaborations']"
   ],
   "id": "bebcd751d8d899c4",
   "outputs": [],
   "execution_count": 48
  },
  {
   "metadata": {
    "ExecuteTime": {
     "end_time": "2024-07-10T08:08:57.983324Z",
     "start_time": "2024-07-10T08:08:57.963590Z"
    }
   },
   "cell_type": "code",
   "source": [
    "feature_weights = {\n",
    "    'Security': 1.0, 'Humanities': 1.0, 'Nat. Sci': 1.0, 'Health': 1.0, 'AI Ethics': 1.0, 'Big Data': 1.0, 'Robotics': 1.0, \n",
    "    'Documents': 1.0, 'Multimedia': 1.0, 'NLP': 1.0, 'KRR': 1.0, 'Graphs': 1.0, 'DL/ML': 1.0, \n",
    "    'Number of Members': 0.5, 'Application-Oriented': 0.5, 'Academic Collaborations': 0.5, 'System Maturity': 0.5, \n",
    "    'Demos': 0.5, 'Industrial Collaborations': 0.5\n",
    "}"
   ],
   "id": "85de44f00c4b70ad",
   "outputs": [],
   "execution_count": 176
  },
  {
   "metadata": {
    "ExecuteTime": {
     "end_time": "2024-07-10T12:21:18.196131Z",
     "start_time": "2024-07-10T12:21:18.162846Z"
    }
   },
   "cell_type": "code",
   "source": [
    "\"\"\"\n",
    "    Loads and preprocesses the team activity data from a CSV file.\n",
    "\n",
    "    Parameters:\n",
    "    - file_path (str): The path to the CSV file containing the team activity data.\n",
    "\n",
    "    Returns:\n",
    "    - df (DataFrame): A preprocessed DataFrame with involvement levels converted to numerical values.\n",
    "    \"\"\"\n",
    "# Load and preprocess the data\n",
    "\n",
    "def load_and_preprocess_data(file_path):\n",
    "    data = pd.read_csv(file_path, index_col=0).transpose()\n",
    "    weights = {'Strong': 3, 'Good': 2, 'Average': 1, 'None': 0}\n",
    "   \n",
    "    for column in involvement_columns:\n",
    "        if column in data.columns:\n",
    "            data[column] = data[column].map(weights).fillna(0)\n",
    "    \n",
    "    return data"
   ],
   "id": "b56f45064c90a807",
   "outputs": [],
   "execution_count": 190
  },
  {
   "metadata": {
    "ExecuteTime": {
     "end_time": "2024-07-10T12:21:16.608753Z",
     "start_time": "2024-07-10T12:21:16.591300Z"
    }
   },
   "cell_type": "code",
   "source": [
    "def assign_weights(data):\n",
    "    for column, weight in feature_weights.items():\n",
    "        if column in data.columns:\n",
    "            data[column] = data[column]*weight"
   ],
   "id": "57c670c8139b73e5",
   "outputs": [],
   "execution_count": 189
  },
  {
   "metadata": {
    "ExecuteTime": {
     "end_time": "2024-07-10T12:21:14.627005Z",
     "start_time": "2024-07-10T12:21:14.605645Z"
    }
   },
   "cell_type": "code",
   "source": [
    "def reverse_com_values(data):\n",
    "    max_complementary_value = max(weights.values())\n",
    "    for column in comp_cols:\n",
    "        if column in data.columns:\n",
    "            data[column] = max_complementary_value - data[column]"
   ],
   "id": "ae5bb77c1811905",
   "outputs": [],
   "execution_count": 188
  },
  {
   "metadata": {
    "ExecuteTime": {
     "end_time": "2024-07-10T12:21:11.054251Z",
     "start_time": "2024-07-10T12:21:10.524987Z"
    }
   },
   "cell_type": "code",
   "source": [
    "# Path to the CSV file\n",
    "from sklearn.preprocessing import StandardScaler \n",
    "filepath = 'data/team_stats.csv'\n",
    "\n",
    "# Load and preprocess the data\n",
    "df = load_and_preprocess_data(filepath)\n",
    "\n",
    "scaler = StandardScaler()\n",
    "df = pd.DataFrame(scaler.fit_transform(df), columns=df.columns)\n"
   ],
   "id": "6cd0c93e40d4f41f",
   "outputs": [
    {
     "ename": "NameError",
     "evalue": "name 'weights' is not defined",
     "output_type": "error",
     "traceback": [
      "\u001B[0;31m---------------------------------------------------------------------------\u001B[0m",
      "\u001B[0;31mNameError\u001B[0m                                 Traceback (most recent call last)",
      "Cell \u001B[0;32mIn[187], line 6\u001B[0m\n\u001B[1;32m      3\u001B[0m filepath \u001B[38;5;241m=\u001B[39m \u001B[38;5;124m'\u001B[39m\u001B[38;5;124mdata/team_stats.csv\u001B[39m\u001B[38;5;124m'\u001B[39m\n\u001B[1;32m      5\u001B[0m \u001B[38;5;66;03m# Load and preprocess the data\u001B[39;00m\n\u001B[0;32m----> 6\u001B[0m df \u001B[38;5;241m=\u001B[39m \u001B[43mload_and_preprocess_data\u001B[49m\u001B[43m(\u001B[49m\u001B[43mfilepath\u001B[49m\u001B[43m)\u001B[49m\n\u001B[1;32m      8\u001B[0m scaler \u001B[38;5;241m=\u001B[39m StandardScaler()\n\u001B[1;32m      9\u001B[0m df \u001B[38;5;241m=\u001B[39m pd\u001B[38;5;241m.\u001B[39mDataFrame(scaler\u001B[38;5;241m.\u001B[39mfit_transform(df), columns\u001B[38;5;241m=\u001B[39mdf\u001B[38;5;241m.\u001B[39mcolumns)\n",
      "Cell \u001B[0;32mIn[179], line 19\u001B[0m, in \u001B[0;36mload_and_preprocess_data\u001B[0;34m(file_path)\u001B[0m\n\u001B[1;32m     17\u001B[0m     \u001B[38;5;28;01mif\u001B[39;00m column \u001B[38;5;129;01min\u001B[39;00m data\u001B[38;5;241m.\u001B[39mcolumns:\n\u001B[1;32m     18\u001B[0m         data[column] \u001B[38;5;241m=\u001B[39m data[column]\u001B[38;5;241m.\u001B[39mmap(weights)\u001B[38;5;241m.\u001B[39mfillna(\u001B[38;5;241m0\u001B[39m)\n\u001B[0;32m---> 19\u001B[0m \u001B[43mreverse_com_values\u001B[49m\u001B[43m(\u001B[49m\u001B[43mdata\u001B[49m\u001B[43m)\u001B[49m\n\u001B[1;32m     20\u001B[0m assign_weights(data)\n\u001B[1;32m     22\u001B[0m \u001B[38;5;28;01mreturn\u001B[39;00m data\n",
      "Cell \u001B[0;32mIn[181], line 2\u001B[0m, in \u001B[0;36mreverse_com_values\u001B[0;34m(data)\u001B[0m\n\u001B[1;32m      1\u001B[0m \u001B[38;5;28;01mdef\u001B[39;00m \u001B[38;5;21mreverse_com_values\u001B[39m(data):\n\u001B[0;32m----> 2\u001B[0m     max_complementary_value \u001B[38;5;241m=\u001B[39m \u001B[38;5;28mmax\u001B[39m(\u001B[43mweights\u001B[49m\u001B[38;5;241m.\u001B[39mvalues())\n\u001B[1;32m      3\u001B[0m     \u001B[38;5;28;01mfor\u001B[39;00m column \u001B[38;5;129;01min\u001B[39;00m comp_cols:\n\u001B[1;32m      4\u001B[0m         \u001B[38;5;28;01mif\u001B[39;00m column \u001B[38;5;129;01min\u001B[39;00m data\u001B[38;5;241m.\u001B[39mcolumns:\n",
      "\u001B[0;31mNameError\u001B[0m: name 'weights' is not defined"
     ]
    }
   ],
   "execution_count": 187
  },
  {
   "metadata": {
    "ExecuteTime": {
     "end_time": "2024-07-10T07:35:15.759336Z",
     "start_time": "2024-07-10T07:35:15.746736Z"
    }
   },
   "cell_type": "code",
   "source": "df.head()",
   "id": "38a09009e2ef8d8f",
   "outputs": [
    {
     "data": {
      "text/plain": [
       "Field  Security  Humanities  Nat. Sci    Health  AI Ethics  Big Data  \\\n",
       "0     -0.440225   -0.899229 -0.485071 -0.686161  -0.693375 -0.246183   \n",
       "1     -0.440225    0.069171 -0.485071  0.187135  -0.693375 -0.246183   \n",
       "2     -0.440225   -0.899229 -0.485071  1.933727  -0.693375  0.615457   \n",
       "3     -0.440225    0.069171 -0.485071 -0.686161   1.248075  0.615457   \n",
       "4      0.792406   -0.899229 -0.485071  1.060431  -0.693375  1.477098   \n",
       "\n",
       "Field  Robotics  Documents  Multimedia       NLP       KRR    Graphs  \\\n",
       "0      -0.27735   2.176627   -0.509175  1.933727  0.745356  1.458650   \n",
       "1      -0.27735  -0.512148    2.545875 -0.686161 -1.341641 -0.583460   \n",
       "2      -0.27735  -0.512148   -0.509175  1.060431 -0.298142  2.479705   \n",
       "3      -0.27735   1.280369   -0.509175  1.933727  0.745356 -0.583460   \n",
       "4      -0.27735  -0.512148   -0.509175 -0.686161  1.788854  1.458650   \n",
       "\n",
       "Field     DL/ML   Funding  Application-Oriented  Number of Members  \\\n",
       "0      0.437595 -0.363803             -0.228086          -1.162755   \n",
       "1      0.437595  1.333946              0.836315           1.341641   \n",
       "2      0.437595  1.333946              0.836315           0.089443   \n",
       "3      1.458650  1.333946              0.836315           0.089443   \n",
       "4      1.458650  0.485071             -0.228086           1.341641   \n",
       "\n",
       "Field  Academic Collaborations  System Maturity     Demos  \\\n",
       "0                     0.260378        -0.171499  0.000000   \n",
       "1                     1.171700         1.028992  1.183216   \n",
       "2                     0.260378        -0.171499  0.000000   \n",
       "3                     1.171700         1.028992  1.183216   \n",
       "4                    -1.562267         1.028992  1.183216   \n",
       "\n",
       "Field  Industrial Collaborations  \n",
       "0                      -0.144338  \n",
       "1                       1.876388  \n",
       "2                      -0.144338  \n",
       "3                       1.876388  \n",
       "4                      -1.154701  "
      ],
      "text/html": [
       "<div>\n",
       "<style scoped>\n",
       "    .dataframe tbody tr th:only-of-type {\n",
       "        vertical-align: middle;\n",
       "    }\n",
       "\n",
       "    .dataframe tbody tr th {\n",
       "        vertical-align: top;\n",
       "    }\n",
       "\n",
       "    .dataframe thead th {\n",
       "        text-align: right;\n",
       "    }\n",
       "</style>\n",
       "<table border=\"1\" class=\"dataframe\">\n",
       "  <thead>\n",
       "    <tr style=\"text-align: right;\">\n",
       "      <th>Field</th>\n",
       "      <th>Security</th>\n",
       "      <th>Humanities</th>\n",
       "      <th>Nat. Sci</th>\n",
       "      <th>Health</th>\n",
       "      <th>AI Ethics</th>\n",
       "      <th>Big Data</th>\n",
       "      <th>Robotics</th>\n",
       "      <th>Documents</th>\n",
       "      <th>Multimedia</th>\n",
       "      <th>NLP</th>\n",
       "      <th>KRR</th>\n",
       "      <th>Graphs</th>\n",
       "      <th>DL/ML</th>\n",
       "      <th>Funding</th>\n",
       "      <th>Application-Oriented</th>\n",
       "      <th>Number of Members</th>\n",
       "      <th>Academic Collaborations</th>\n",
       "      <th>System Maturity</th>\n",
       "      <th>Demos</th>\n",
       "      <th>Industrial Collaborations</th>\n",
       "    </tr>\n",
       "  </thead>\n",
       "  <tbody>\n",
       "    <tr>\n",
       "      <th>0</th>\n",
       "      <td>-0.440225</td>\n",
       "      <td>-0.899229</td>\n",
       "      <td>-0.485071</td>\n",
       "      <td>-0.686161</td>\n",
       "      <td>-0.693375</td>\n",
       "      <td>-0.246183</td>\n",
       "      <td>-0.27735</td>\n",
       "      <td>2.176627</td>\n",
       "      <td>-0.509175</td>\n",
       "      <td>1.933727</td>\n",
       "      <td>0.745356</td>\n",
       "      <td>1.458650</td>\n",
       "      <td>0.437595</td>\n",
       "      <td>-0.363803</td>\n",
       "      <td>-0.228086</td>\n",
       "      <td>-1.162755</td>\n",
       "      <td>0.260378</td>\n",
       "      <td>-0.171499</td>\n",
       "      <td>0.000000</td>\n",
       "      <td>-0.144338</td>\n",
       "    </tr>\n",
       "    <tr>\n",
       "      <th>1</th>\n",
       "      <td>-0.440225</td>\n",
       "      <td>0.069171</td>\n",
       "      <td>-0.485071</td>\n",
       "      <td>0.187135</td>\n",
       "      <td>-0.693375</td>\n",
       "      <td>-0.246183</td>\n",
       "      <td>-0.27735</td>\n",
       "      <td>-0.512148</td>\n",
       "      <td>2.545875</td>\n",
       "      <td>-0.686161</td>\n",
       "      <td>-1.341641</td>\n",
       "      <td>-0.583460</td>\n",
       "      <td>0.437595</td>\n",
       "      <td>1.333946</td>\n",
       "      <td>0.836315</td>\n",
       "      <td>1.341641</td>\n",
       "      <td>1.171700</td>\n",
       "      <td>1.028992</td>\n",
       "      <td>1.183216</td>\n",
       "      <td>1.876388</td>\n",
       "    </tr>\n",
       "    <tr>\n",
       "      <th>2</th>\n",
       "      <td>-0.440225</td>\n",
       "      <td>-0.899229</td>\n",
       "      <td>-0.485071</td>\n",
       "      <td>1.933727</td>\n",
       "      <td>-0.693375</td>\n",
       "      <td>0.615457</td>\n",
       "      <td>-0.27735</td>\n",
       "      <td>-0.512148</td>\n",
       "      <td>-0.509175</td>\n",
       "      <td>1.060431</td>\n",
       "      <td>-0.298142</td>\n",
       "      <td>2.479705</td>\n",
       "      <td>0.437595</td>\n",
       "      <td>1.333946</td>\n",
       "      <td>0.836315</td>\n",
       "      <td>0.089443</td>\n",
       "      <td>0.260378</td>\n",
       "      <td>-0.171499</td>\n",
       "      <td>0.000000</td>\n",
       "      <td>-0.144338</td>\n",
       "    </tr>\n",
       "    <tr>\n",
       "      <th>3</th>\n",
       "      <td>-0.440225</td>\n",
       "      <td>0.069171</td>\n",
       "      <td>-0.485071</td>\n",
       "      <td>-0.686161</td>\n",
       "      <td>1.248075</td>\n",
       "      <td>0.615457</td>\n",
       "      <td>-0.27735</td>\n",
       "      <td>1.280369</td>\n",
       "      <td>-0.509175</td>\n",
       "      <td>1.933727</td>\n",
       "      <td>0.745356</td>\n",
       "      <td>-0.583460</td>\n",
       "      <td>1.458650</td>\n",
       "      <td>1.333946</td>\n",
       "      <td>0.836315</td>\n",
       "      <td>0.089443</td>\n",
       "      <td>1.171700</td>\n",
       "      <td>1.028992</td>\n",
       "      <td>1.183216</td>\n",
       "      <td>1.876388</td>\n",
       "    </tr>\n",
       "    <tr>\n",
       "      <th>4</th>\n",
       "      <td>0.792406</td>\n",
       "      <td>-0.899229</td>\n",
       "      <td>-0.485071</td>\n",
       "      <td>1.060431</td>\n",
       "      <td>-0.693375</td>\n",
       "      <td>1.477098</td>\n",
       "      <td>-0.27735</td>\n",
       "      <td>-0.512148</td>\n",
       "      <td>-0.509175</td>\n",
       "      <td>-0.686161</td>\n",
       "      <td>1.788854</td>\n",
       "      <td>1.458650</td>\n",
       "      <td>1.458650</td>\n",
       "      <td>0.485071</td>\n",
       "      <td>-0.228086</td>\n",
       "      <td>1.341641</td>\n",
       "      <td>-1.562267</td>\n",
       "      <td>1.028992</td>\n",
       "      <td>1.183216</td>\n",
       "      <td>-1.154701</td>\n",
       "    </tr>\n",
       "  </tbody>\n",
       "</table>\n",
       "</div>"
      ]
     },
     "execution_count": 130,
     "metadata": {},
     "output_type": "execute_result"
    }
   ],
   "execution_count": 130
  },
  {
   "metadata": {
    "ExecuteTime": {
     "end_time": "2024-07-10T12:21:08.895087Z",
     "start_time": "2024-07-10T12:21:08.876885Z"
    }
   },
   "cell_type": "code",
   "source": [
    "def calculate_pairwise_similarity(data):\n",
    " \n",
    "    sim_matrix = np.zeros((len(data), len(data)))\n",
    "    \n",
    "   \n",
    "    scoring_matrix = np.array([\n",
    "        [0, 1, 2, 3],  # None\n",
    "        [1, 2, 3, 4],  # Average\n",
    "        [2, 3, 4, 5],  # Good\n",
    "        [3, 4, 5, 6]   # Strong\n",
    "    ])\n",
    "    \n",
    "    # Map involvement levels to indices\n",
    "    involvement_index = {'None': 0, 'Average': 1, 'Good': 2, 'Strong': 3}\n",
    "    \n",
    "    # Reverse the numerical mapping for correct index lookups\n",
    "    reverse_weights = {0: 'None', 1: 'Average', 2: 'Good', 3: 'Strong'}\n",
    "    \n",
    "    # Calculate pairwise similarity scores\n",
    "    for i in range(len(data)):\n",
    "        for j in range(len(data)):\n",
    "            if i != j:\n",
    "                similarity_score = 0\n",
    "                for col in industry_cols:\n",
    "                    level_i = data[col].iloc[i]\n",
    "                    level_j = data[col].iloc[j]\n",
    "                    index_i = int(level_i)\n",
    "                    index_j = int(level_j)\n",
    "                    similarity_score += scoring_matrix[index_i][index_j]\n",
    "                sim_matrix[i][j] = similarity_score\n",
    "    \n",
    "    return sim_matrix"
   ],
   "id": "73d0a7816b19a5d0",
   "outputs": [],
   "execution_count": 186
  },
  {
   "metadata": {
    "ExecuteTime": {
     "end_time": "2024-07-10T07:20:16.789951Z",
     "start_time": "2024-07-10T07:20:16.767873Z"
    }
   },
   "cell_type": "code",
   "source": [
    "similarity_matrix = calculate_pairwise_similarity(df)\n",
    "similarity_matrix"
   ],
   "id": "92045f4891ede820",
   "outputs": [
    {
     "data": {
      "text/plain": [
       "array([[ 0.,  9.,  8.,  8.,  9., 14.,  9., 15., 13., 14.,  8.,  8.,  6.,\n",
       "         9.],\n",
       "       [ 9.,  0.,  9.,  9., 10., 15., 10., 16., 14., 15.,  9.,  9.,  7.,\n",
       "        10.],\n",
       "       [ 8.,  9.,  0.,  8.,  9., 14.,  9., 15., 13., 14.,  8.,  8.,  6.,\n",
       "         9.],\n",
       "       [ 8.,  9.,  8.,  0.,  9., 14.,  9., 15., 13., 14.,  8.,  8.,  6.,\n",
       "         9.],\n",
       "       [ 9., 10.,  9.,  9.,  0., 15., 10., 16., 14., 15.,  9.,  9.,  7.,\n",
       "        10.],\n",
       "       [14., 15., 14., 14., 15.,  0., 15., 21., 19., 20., 14., 14., 12.,\n",
       "        15.],\n",
       "       [ 9., 10.,  9.,  9., 10., 15.,  0., 16., 14., 15.,  9.,  9.,  7.,\n",
       "        10.],\n",
       "       [15., 16., 15., 15., 16., 21., 16.,  0., 20., 21., 15., 15., 13.,\n",
       "        16.],\n",
       "       [13., 14., 13., 13., 14., 19., 14., 20.,  0., 19., 13., 13., 11.,\n",
       "        14.],\n",
       "       [14., 15., 14., 14., 15., 20., 15., 21., 19.,  0., 14., 14., 12.,\n",
       "        15.],\n",
       "       [ 8.,  9.,  8.,  8.,  9., 14.,  9., 15., 13., 14.,  0.,  8.,  6.,\n",
       "         9.],\n",
       "       [ 8.,  9.,  8.,  8.,  9., 14.,  9., 15., 13., 14.,  8.,  0.,  6.,\n",
       "         9.],\n",
       "       [ 6.,  7.,  6.,  6.,  7., 12.,  7., 13., 11., 12.,  6.,  6.,  0.,\n",
       "         7.],\n",
       "       [ 9., 10.,  9.,  9., 10., 15., 10., 16., 14., 15.,  9.,  9.,  7.,\n",
       "         0.]])"
      ]
     },
     "execution_count": 93,
     "metadata": {},
     "output_type": "execute_result"
    }
   ],
   "execution_count": 93
  },
  {
   "metadata": {
    "ExecuteTime": {
     "end_time": "2024-07-10T12:21:01.542873Z",
     "start_time": "2024-07-10T12:21:01.527189Z"
    }
   },
   "cell_type": "code",
   "source": [
    "def calculate_complementary_scores(data):\n",
    "    \"\"\"\n",
    "    Calculates a pairwise complementary score matrix for the teams based on their complementary factors.\n",
    "    \n",
    "    Parameters:\n",
    "    - df (DataFrame): The DataFrame containing the team activity data.\n",
    "    \n",
    "    Returns:\n",
    "    - complementary_matrix (ndarray): A 2D NumPy array representing the pairwise complementary scores between teams.\n",
    "    \"\"\"\n",
    "\n",
    "   \n",
    "    data = data[comp_cols]\n",
    "    \n",
    "\n",
    "    print(f\"Shape of the filtered data: {data.shape}\")\n",
    "    \n",
    " \n",
    "    comp_matrix = np.zeros((len(data), len(data)))\n",
    "    \n",
    "    # Calculate pairwise complementary scores\n",
    "    for i in range(len(data)):\n",
    "        for j in range(len(data)):\n",
    "            if i != j:\n",
    "                complementary_score = 0\n",
    "                for col in comp_cols:\n",
    "                    # Sum the absolute differences in complementary factors\n",
    "                    complementary_score += abs(data[col].iloc[i] - data[col].iloc[j])\n",
    "                comp_matrix[i][j] = complementary_score\n",
    "    \n",
    "    # Invert the scores to make them comparable with similarity scores (lower means more complementary)\n",
    "    max_score = np.max(comp_matrix)\n",
    "    comp_matrix = max_score - comp_matrix\n",
    "    \n",
    "    return comp_matrix"
   ],
   "id": "cd02a0561944119b",
   "outputs": [],
   "execution_count": 185
  },
  {
   "metadata": {
    "ExecuteTime": {
     "end_time": "2024-07-10T07:20:27.322904Z",
     "start_time": "2024-07-10T07:20:27.311245Z"
    }
   },
   "cell_type": "code",
   "source": [
    "complementary_matrix = calculate_complementary_scores(df)\n",
    "complementary_matrix"
   ],
   "id": "691b8ff7d013d729",
   "outputs": [
    {
     "name": "stdout",
     "output_type": "stream",
     "text": [
      "Shape of the filtered data: (14, 6)\n"
     ]
    },
    {
     "data": {
      "text/plain": [
       "array([[18.61377121,  9.72922041, 16.29717285, 10.98141848, 10.89266129,\n",
       "        14.42719547, 13.12328943, 17.70244883, 15.62768557, 13.00214442,\n",
       "        13.00214442, 14.20263452,  8.8845508 , 14.18768972],\n",
       "       [ 9.72922041, 18.61377121, 12.04581877, 17.36157314, 11.78431487,\n",
       "        13.91579614, 13.39705743,  8.81789803,  8.56577953,  8.75079034,\n",
       "        13.51820244,  9.64512461,  0.        , 10.3119312 ],\n",
       "       [16.29717285, 12.04581877, 18.61377121, 13.29801683, 11.08045907,\n",
       "        14.23939769, 15.43988779, 15.38585047, 13.31108721, 15.31874278,\n",
       "        15.31874278, 14.39043229,  6.56795244, 14.3754875 ],\n",
       "       [10.98141848, 17.36157314, 13.29801683, 18.61377121, 10.5321168 ,\n",
       "        15.16799421, 12.14485936, 10.0700961 ,  9.81797759, 10.0029884 ,\n",
       "        14.77040051, 10.89732267,  1.25219807,  9.05973313],\n",
       "       [10.89266129, 11.78431487, 11.08045907, 10.5321168 , 18.61377121,\n",
       "         9.10706575, 12.23361654, 11.80398367,  9.9273016 ,  9.6080754 ,\n",
       "        14.3754875 ,  8.98592074,  6.82945633, 15.31874278],\n",
       "       [14.42719547, 13.91579614, 14.23939769, 15.16799421,  9.10706575,\n",
       "        18.61377121, 13.08624022, 13.5158731 , 13.26375459, 10.94436926,\n",
       "        13.34534946, 11.83870354,  4.69797506, 10.00111399],\n",
       "       [13.12328943, 13.39705743, 15.43988779, 12.14485936, 12.23361654,\n",
       "        13.08624022, 18.61377121, 14.03461181, 10.1372038 , 13.96750411,\n",
       "        13.96750411, 11.21654888,  5.21671378, 15.52864497],\n",
       "       [17.70244883,  8.81789803, 15.38585047, 10.0700961 , 11.80398367,\n",
       "        13.5158731 , 14.03461181, 18.61377121, 14.71636319, 13.9134668 ,\n",
       "        13.9134668 , 13.29131214,  9.79587317, 15.0990121 ],\n",
       "       [15.62768557,  8.56577953, 13.31108721,  9.81797759,  9.9273016 ,\n",
       "        13.26375459, 10.1372038 , 14.71636319, 18.61377121, 10.01605878,\n",
       "        10.01605878, 15.16799421, 10.04799168, 13.22233003],\n",
       "       [13.00214442,  8.75079034, 15.31874278, 10.0029884 ,  9.6080754 ,\n",
       "        10.94436926, 13.96750411, 13.9134668 , 10.01605878, 18.61377121,\n",
       "        13.8463591 , 13.46183578,  9.86298087, 12.90310382],\n",
       "       [13.00214442, 13.51820244, 15.31874278, 14.77040051, 14.3754875 ,\n",
       "        13.34534946, 13.96750411, 13.9134668 , 10.01605878, 13.8463591 ,\n",
       "        18.61377121, 11.09540386,  5.09556876, 12.90310382],\n",
       "       [14.20263452,  9.64512461, 14.39043229, 10.89732267,  8.98592074,\n",
       "        11.83870354, 11.21654888, 13.29131214, 15.16799421, 13.46183578,\n",
       "        11.09540386, 18.61377121,  8.9686466 , 12.28094917],\n",
       "       [ 8.8845508 ,  0.        ,  6.56795244,  1.25219807,  6.82945633,\n",
       "         4.69797506,  5.21671378,  9.79587317, 10.04799168,  9.86298087,\n",
       "         5.09556876,  8.9686466 , 18.61377121,  8.30184001],\n",
       "       [14.18768972, 10.3119312 , 14.3754875 ,  9.05973313, 15.31874278,\n",
       "        10.00111399, 15.52864497, 15.0990121 , 13.22233003, 12.90310382,\n",
       "        12.90310382, 12.28094917,  8.30184001, 18.61377121]])"
      ]
     },
     "execution_count": 95,
     "metadata": {},
     "output_type": "execute_result"
    }
   ],
   "execution_count": 95
  },
  {
   "metadata": {
    "ExecuteTime": {
     "end_time": "2024-07-10T12:20:59.169444Z",
     "start_time": "2024-07-10T12:20:59.155011Z"
    }
   },
   "cell_type": "code",
   "source": [
    "def combine_scores(industry_similarity, compl_scores, alpha=0.5):\n",
    "    \"\"\"\n",
    "    Combines the industry similarity scores and complementary scores into a single matrix using a weighted average.\n",
    "    \n",
    "    Parameters:\n",
    "    - industry_similarity (ndarray): A 2D NumPy array representing the pairwise industry similarity scores between teams.\n",
    "    - complementary_scores (ndarray): A 2D NumPy array representing the pairwise complementary scores between teams.\n",
    "    - alpha (float): A weighting factor to balance the industry similarity and complementary scores. \n",
    "                     Should be between 0 and 1. Default is 0.5.\n",
    "    \n",
    "    Returns:\n",
    "    - combined_matrix (ndarray): A 2D NumPy array representing the combined similarity scores between teams.\n",
    "    \"\"\"\n",
    "    # Ensure alpha is between 0 and 1\n",
    "    if not (0 <= alpha <= 1):\n",
    "        raise ValueError(\"alpha should be between 0 and 1\")\n",
    "\n",
    "    \n",
    "    combined_matrix = alpha * industry_similarity + (1 - alpha) * compl_scores\n",
    "    \n",
    "    return combined_matrix"
   ],
   "id": "856cd4ab878a5a0a",
   "outputs": [],
   "execution_count": 184
  },
  {
   "metadata": {
    "ExecuteTime": {
     "end_time": "2024-07-10T07:11:11.119007Z",
     "start_time": "2024-07-10T07:11:11.115561Z"
    }
   },
   "cell_type": "code",
   "source": [
    "comb_matrix = combine_scores(similarity_matrix, complementary_matrix)\n",
    "comb_matrix"
   ],
   "id": "32ead49d40a72898",
   "outputs": [
    {
     "data": {
      "text/plain": [
       "array([[ 9.3068856 ,  9.3646102 , 12.14858642,  9.49070924,  9.94633065,\n",
       "        14.21359774, 11.06164472, 16.35122441, 14.31384278, 13.50107221,\n",
       "        10.50107221, 11.10131726,  7.4422754 , 11.59384486],\n",
       "       [ 9.3646102 ,  9.3068856 , 10.52290938, 13.18078657, 10.89215744,\n",
       "        14.45789807, 11.69852871, 12.40894902, 11.28288976, 11.87539517,\n",
       "        11.25910122,  9.3225623 ,  3.5       , 10.1559656 ],\n",
       "       [12.14858642, 10.52290938,  9.3068856 , 10.64900842, 10.04022954,\n",
       "        14.11969885, 12.2199439 , 15.19292524, 13.15554361, 14.65937139,\n",
       "        11.65937139, 11.19521615,  6.28397622, 11.68774375],\n",
       "       [ 9.49070924, 13.18078657, 10.64900842,  9.3068856 ,  9.7660584 ,\n",
       "        14.58399711, 10.57242968, 12.53504805, 11.4089888 , 12.0014942 ,\n",
       "        11.38520025,  9.44866134,  3.62609903,  9.02986656],\n",
       "       [ 9.94633065, 10.89215744, 10.04022954,  9.7660584 ,  9.3068856 ,\n",
       "        12.05353288, 11.11680827, 13.90199184, 11.9636508 , 12.3040377 ,\n",
       "        11.68774375,  8.99296037,  6.91472817, 12.65937139],\n",
       "       [14.21359774, 14.45789807, 14.11969885, 14.58399711, 12.05353288,\n",
       "         9.3068856 , 14.04312011, 17.25793655, 16.13187729, 15.47218463,\n",
       "        13.67267473, 12.91935177,  8.34898753, 12.50055699],\n",
       "       [11.06164472, 11.69852871, 12.2199439 , 10.57242968, 11.11680827,\n",
       "        14.04312011,  9.3068856 , 15.01730591, 12.0686019 , 14.48375206,\n",
       "        11.48375206, 10.10827444,  6.10835689, 12.76432249],\n",
       "       [16.35122441, 12.40894902, 15.19292524, 12.53504805, 13.90199184,\n",
       "        17.25793655, 15.01730591,  9.3068856 , 17.3581816 , 17.4567334 ,\n",
       "        14.4567334 , 14.14565607, 11.39793659, 15.54950605],\n",
       "       [14.31384278, 11.28288976, 13.15554361, 11.4089888 , 11.9636508 ,\n",
       "        16.13187729, 12.0686019 , 17.3581816 ,  9.3068856 , 14.50802939,\n",
       "        11.50802939, 14.08399711, 10.52399584, 13.61116501],\n",
       "       [13.50107221, 11.87539517, 14.65937139, 12.0014942 , 12.3040377 ,\n",
       "        15.47218463, 14.48375206, 17.4567334 , 14.50802939,  9.3068856 ,\n",
       "        13.92317955, 13.73091789, 10.93149043, 13.95155191],\n",
       "       [10.50107221, 11.25910122, 11.65937139, 11.38520025, 11.68774375,\n",
       "        13.67267473, 11.48375206, 14.4567334 , 11.50802939, 13.92317955,\n",
       "         9.3068856 ,  9.54770193,  5.54778438, 10.95155191],\n",
       "       [11.10131726,  9.3225623 , 11.19521615,  9.44866134,  8.99296037,\n",
       "        12.91935177, 10.10827444, 14.14565607, 14.08399711, 13.73091789,\n",
       "         9.54770193,  9.3068856 ,  7.4843233 , 10.64047458],\n",
       "       [ 7.4422754 ,  3.5       ,  6.28397622,  3.62609903,  6.91472817,\n",
       "         8.34898753,  6.10835689, 11.39793659, 10.52399584, 10.93149043,\n",
       "         5.54778438,  7.4843233 ,  9.3068856 ,  7.65092   ],\n",
       "       [11.59384486, 10.1559656 , 11.68774375,  9.02986656, 12.65937139,\n",
       "        12.50055699, 12.76432249, 15.54950605, 13.61116501, 13.95155191,\n",
       "        10.95155191, 10.64047458,  7.65092   ,  9.3068856 ]])"
      ]
     },
     "execution_count": 57,
     "metadata": {},
     "output_type": "execute_result"
    }
   ],
   "execution_count": 57
  },
  {
   "metadata": {
    "ExecuteTime": {
     "end_time": "2024-07-10T12:20:56.581659Z",
     "start_time": "2024-07-10T12:20:56.498941Z"
    }
   },
   "cell_type": "code",
   "source": [
    "def plot_elbow_method(X):\n",
    "    inertia = []\n",
    "    K = range(1, 11)\n",
    "    for k in K:\n",
    "        kmeans = KMeans(n_clusters=k, random_state=42)\n",
    "        kmeans.fit(X)\n",
    "        inertia.append(kmeans.inertia_)\n",
    "    \n",
    "    plt.figure(figsize=(10, 6))\n",
    "    plt.plot(K, inertia, 'bx-')\n",
    "    plt.xlabel('Number of clusters')\n",
    "    plt.ylabel('Inertia')\n",
    "    plt.title('Elbow Method for Optimal Number of Clusters')\n",
    "    plt.show()\n",
    "\n",
    "    optimal_clusters = 1\n",
    "    for i in range(1, len(inertia) - 1):\n",
    "        if inertia[i-1] - inertia[i] < inertia[i] - inertia[i+1]:\n",
    "            optimal_clusters = i + 1\n",
    "            break\n",
    "\n",
    "    return optimal_clusters\n"
   ],
   "id": "f2c7b256acfda68",
   "outputs": [],
   "execution_count": 183
  },
  {
   "metadata": {
    "ExecuteTime": {
     "end_time": "2024-07-10T07:11:18.537182Z",
     "start_time": "2024-07-10T07:11:18.534680Z"
    }
   },
   "cell_type": "code",
   "source": [
    "def apply_clustering(sim_matrix, n_clusters):\n",
    "    \"\"\"\n",
    "    Applies agglomerative clustering on the given similarity matrix.\n",
    "    \n",
    "    Parameters:\n",
    "    - sim_matrix (ndarray): A 2D NumPy array representing the pairwise similarity scores between teams.\n",
    "    - num_clusters (int): The number of clusters to form.\n",
    "    \n",
    "    Returns:\n",
    "    - labels (ndarray): A 1D NumPy array containing the cluster labels for each team.\n",
    "    \"\"\"\n",
    "    # Convert similarity matrix to a distance matrix\n",
    "    distance_matrix = 1 - (sim_matrix / np.max(sim_matrix))\n",
    "    \n",
    "    # Apply agglomerative clustering using the precomputed distance matrix\n",
    "    clustering = AgglomerativeClustering(n_clusters=n_clusters, metric ='precomputed', linkage='complete')\n",
    "    labels = clustering.fit_predict(distance_matrix)\n",
    "    \n",
    "    return labels"
   ],
   "id": "8a4308ad4bf1704e",
   "outputs": [],
   "execution_count": 59
  },
  {
   "metadata": {
    "ExecuteTime": {
     "end_time": "2024-07-10T07:20:42.475999Z",
     "start_time": "2024-07-10T07:20:42.297461Z"
    }
   },
   "cell_type": "code",
   "source": [
    "optimal_clusters = plot_elbow_method(comb_matrix)\n",
    "labels = apply_clustering(comb_matrix, optimal_clusters)\n",
    "df['Cluster'] = labels"
   ],
   "id": "d2cebf09e67b0559",
   "outputs": [
    {
     "data": {
      "text/plain": [
       "<Figure size 1000x600 with 1 Axes>"
      ],
